-0.399
-0.512
-0.473
-0.526
-0.546
-0.407
-0.549
-0.437
-0.534
-0.487
-0.523
-0.547
-0.518
-0.475
-0.467
-0.510
-0.524
-0.538
-0.481
-0.543
-0.524
-0.525
-0.532
-0.545
-0.603
-0.656
-0.651
-0.617
-0.583
-0.675
-0.556
-0.542
-0.605
-0.617
-0.532
-0.552
-0.514
-0.593
-0.613
-0.607
-0.655
-0.631
-0.694
-0.681
-0.692
-0.676
-0.694
-0.635
-0.635
-0.656
-0.593
-0.604
-0.550
-0.570
-0.530
-0.552
-0.525
-0.503
-0.550
-0.497
-0.568
-0.463
-0.492
-0.402
-0.458
-0.455
-0.465
-0.436
-0.409
-0.462
-0.501
-0.329
-0.472
-0.339
-0.349
-0.315
-0.411
-0.271
-0.174
-0.289
-0.219
0.009
-0.156
-0.198
0.047
0.055
-0.127
0.074
0.051
0.032
0.003
-0.104
0.007
0.024
0.097
0.190
0.255
0.227
0.235
0.194
0.235
0.255
0.259
0.279
0.300
0.247
0.320
0.405
0.381
0.356
0.332
0.360
0.385
0.409
0.405
0.502
0.506
0.457
0.490
0.453
0.445
0.490
0.502
0.518
0.530
0.563
0.555
0.547
0.510
0.470
0.490
0.486
